1
2
4
6
10
15
16
17
19
20
23
29
31
33
34
35
36
41
42
43
44
45
46
48
49
56
57
59
60
67
68
72
74
76
77
78
81
82
83
84
88
90
91
92
95
96
99
100
106
107
108
109
111
115
116
117
120
128
135
136
138
141
143
144
146
147
152
155
157
158
160
162
163
166
169
172
173
174
176
178
179
180
184
186
193
194
195
199
200
202
203
208
209
210
216
217
226
228
230
231
232
233
237
240
241
245
249
252
253
256
258
259
260
261
263
265
266
267
270
271
272
276
277
280
283
286
288
290
295
300
303
305
308
310
311
312
314
317
320
321
322
324
325
326
329
330
331
332
334
336
337
338
341
342
345
347
348
349
351
352
353
355
356
357
358
360
361
364
367
371
373
375
376
377
379
380
381
382
383
384
386
387
388
389
390
391
393
399
405
406
407
408
409
410
411
413
415
416
417
420
421
425
430
431
436
439
440
444
445
447
448
449
450
453
454
457
459
462
463
465
468
469
473
476
477
478
479
487
488
489
495
496
499
500
501
504
505
506
508
511
512
513
514
515
516
518
520
521
522
523
524
525
528
529
530
532
533
535
536
537
538
541
544
547
548
549
552
554
555
557
559
561
562
564
566
567
568
569
571
572
573
576
578
580
581
582
583
585
586
588
590
593
598
599
601
604
605
607
608
609
610
611
612
614
617
618
620
621
622
624
625
628
633
635
636
638
641
643
645
646
647
649
650
653
654
656
657
658
660
663
664
667
669
671
672
675
676
681
683
685
686
688
689
690
693
695
699
701
704
705
706
710
713
715
716
718
720
725
726
728
730
731
733
735
738
739
743
744
746
747
748
750
753
754
755
756
758
759
761
762
763
764
766
767
770
772
775
776
777
778
781
782
783
785
787
790
792
794
795
797
798
799
801
802
803
804
805
806
809
810
811
812
813
816
818
819
820
824
825
827
829
831
834
836
838
839
842
843
845
846
848
849
851
857
858
861
862
864
868
869
870
872
873
874
878
881
882
883
885
887
889
891
896
898
900
904
905
906
907
909
910
911
912
913
914
916
918
919
921
923
926
928
929
930
931
932
934
935
937
938
941
944
946
947
950
952
954
955
956
957
958
962
963
967
968
969
971
972
973
974
977
981
983
985
989
990
994
995
996
1000
1002
1007
1009
1010
1011
1013
1014
1016
1017
1021
1024
1025
1027
1030
1033
1035
1040
1044
1045
1046
1051
1053
1054
1056
1057
1058
1061
1062
1064
1065
1066
1067
1068
1072
1073
1075
1076
1077
1078
1080
1086
1088
1089
1090
1092
1094
1095
1096
1097
1099
1100
1101
1102
1103
1106
1109
1112
1114
1115
1117
1118
1119
1121
1122
1125
1128
1134
1135
1137
1139
1140
1141
1143
1144
1146
1147
1150
1151
1154
1157
1161
1162
1166
1167
1168
1171
1176
1180
1183
1184
1185
1186
1187
1188
1192
1193
1194
1195
1196
1199
1201
1204
1207
1208
1210
1211
1212
1213
1214
1215
1217
1221
1222
1223
1227
1233
1235
1236
1238
1239
1240
1242
1248
1249
1250
1254
1255
1256
1259
1262
1266
1267
1269
1272
1273
1275
1276
1277
1281
1284
1286
1287
1290
1291
1293
1297
1298
1300
1302
1304
1306
1308
1309
1312
1314
1315
1316
1317
1318
1324
1326
1327
1329
1330
1334
1335
1339
1340
1341
1342
1343
1347
1348
1349
1351
1352
1359
1361
1362
1368
1369
1370
1372
1374
1375
1376
1377
1378
1379
1382
1383
1384
1385
1386
1387
1388
1390
1395
1398
1400
1401
1407
1409
1411
1412
1414
1415
1418
1419
1422
1423
1424
1426
1427
1429
1431
1433
1434
1435
1436
1439
1440
1441
1442
1445
1447
1455
1456
1457
1458
1460
1464
1465
1466
1469
1471
1473
1474
1476
1480
1481
1482
1484
1486
1491
1493
1494
1495
1496
1501
1502
1504
1508
1509
1516
1517
1518
1519
1521
1522
1523
1528
1530
1532
1533
1535
1536
1538
1539
1540
1541
1542
1545
1546
1547
1549
1550
1551
1555
1557
1560
1570
1571
1573
1574
1575
1577
1578
1581
1582
1584
1585
1587
1589
1590
1593
1594
1596
1597
1599
1601
1602
1606
1611
1612
1613
1614
1615
1616
1617
1623
1625
1632
1636
1637
1638
1640
1641
1646
1647
1648
1650
1652
1654
1655
1659
1663
1664
1671
1672
1673
1674
1675
1676
1680
1681
1688
1689
1692
1693
1694
1696
1699
1701
1703
1704
1705
1707
1708
1709
1710
1713
1714
1715
1717
1719
1721
1723
1724
1726
1730
1732
1734
1741
1743
1744
1745
1749
1751
1753
1754
1756
1761
1762
1763
1764
1767
1768
1769
1770
1772
1773
1774
1775
1777
1779
1780
1782
1783
1785
1786
1787
1788
1793
1795
1799
1800
1801
1802
1803
1805
1808
1811
1814
1815
1817
1820
1821
1824
1827
1828
1830
1831
1832
1833
1834
1837
1838
1843
1845
1846
1849
1850
1851
1852
1853
1854
1861
1862
1864
1868
1870
1873
1879
1880
1881
1885
1887
1889
1890
1892
1894
1896
1897
1900
1903
1904
1907
1911
1912
1913
1914
1915
1916
1918
1920
1921
1922
1923
1927
1928
1929
1930
1935
1937
1938
1939
1942
1944
1945
1947
1950
1951
1952
1955
1956
1958
1959
1962
1963
1965
1967
1972
1973
1975
1976
1977
1978
1979
1984
1987
1989
1990
1992
1996
1998
1999
2001
2003
2004
2007
2008
2010
2012
2014
2015
2016
2017
2019
2020
2022
2023
2025
2029
2030
2031
2033
2036
2038
2041
2042
2044
2045
2047
2052
2054
2055
2057
2058
2059
2060
2064
2065
2066
2068
2069
2070
2073
2075
2076
2077
2078
2079
2081
2082
2084
2085
2087
2093
2095
2096
2098
2099
2100
2102
2103
2105
2108
2109
2110
2111
2113
2114
2115
2117
2118
2120
2121
2122
2124
2125
2128
2131
2133
2135
2136
2139
2141
2142
2145
2148
2149
2150
2151
2152
2155
2158
2163
2164
2165
2167
2170
2172
2173
2174
2175
2178
2182
2183
2184
2185
2187
2188
2191
2192
2193
2194
2195
2197
2200
2203
2206
2207
2208
2209
2211
2212
2213
2215
2216
2217
2218
2221
2222
2223
2224
2225
2227
2228
2230
2233
2237
2238
2240
2242
2243
2244
2246
2247
2248
2249
2251
2252
2256
2257
2259
2260
2262
2263
2264
2267
2268
2269
2270
2273
2276
2278
2280
2284
2286
2287
2289
2293
2299
2301
2302
2306
2309
2311
2312
2314
2316
2318
2320
2322
2323
2325
2330
2331
2334
2335
2336
2338
2339
2341
2342
2343
2348
2351
2352
2354
2355
2356
2357
2362
2364
2366
2368
2370
2373
2374
2375
2382
2387
2389
2390
2391
2392
2394
2395
2396
2397
2398
2400
2402
2404
2405
2406
2407
2408
2409
2411
2412
2415
2416
2417
2424
2425
2426
2428
2430
2431
2432
2433
2436
2438
2439
2444
2445
2446
2449
2450
2451
2454
2456
2457
2460
2463
2465
2466
2469
2470
2471
2475
2476
2478
2483
2485
2487
2491
2492
2493
2494
2495
2496
2497
2498
2502
2503
2505
2509
2511
2513
2515
2517
2518
2519
2520
2521
2522
2523
2526
2528
2530
2536
2538
2539
2542
2543
2545
2546
2547
2548
2550
2551
2553
2554
2555
2561
2562
2564
2567
2568
2569
2576
2579
2580
2581
2583
2584
2585
2586
2587
2589
2590
2593
2599
2603
2611
2612
2614
2615
2616
2621
2623
2625
2630
2631
2632
2634
2635
2636
2637
2639
2641
2642
2644
2645
2646
2650
2651
2652
2653
2654
2657
2658
2659
2663
2666
2667
2670
2671
2672
2673
2674
2675
2676
2677
2678
2679
2682
2683
2686
2689
2691
2694
2699
2700
2706
2707
2708
2710
2712
2717
2718
2720
2721
2722
2724
2726
2727
2729
2730
2731
2733
2735
2736
2739
2740
2741
2744
2745
2746
2747
2748
2756
2758
2761
2766
2769
2771
2773
2775
2780
2781
2782
2784
2785
2786
2787
2788
2790
2791
2792
2795
2798
2799
2800
2805
2806
2810
2811
2814
2815
2817
2818
2820
2821
2822
2823
2824
2826
2828
2830
2832
2833
2834
2836
2838
2840
2842
2843
2845
2846
2847
2849
2852
2854
2858
2860
2863
2864
2867
2869
2871
2872
2873
2875
2876
2877
2883
2886
2887
2888
2891
2894
2896
2898
2900
2901
2904
2908
2909
2910
2912
2913
2915
2916
2917
2921
2922
2924
2927
2928
2930
2931
2932
2934
2935
2936
2939
2941
2947
2950
2951
2953
2954
2955
2957
2959
2960
2961
2964
2966
2967
2968
2969
2970
2971
2972
2974
2977
2978
2981
2982
2984
2985
2986
2987
2988
2989
2991
2994
2998
2999
3000
3007
3008
3009
3011
3012
3016
3017
3019
3021
3022
3023
3024
3026
3034
3036
3040
3042
3047
3049
3052
3055
3056
3062
3064
3066
3067
3068
3069
3071
3073
3074
3078
3080
3088
3093
3095
3096
3097
3098
3102
3103
3104
3105
3106
3107
3108
3112
3113
3114
3115
3117
3121
3124
3126
3128
3132
3134
3136
3139
3140
3142
3143
3144
3145
3146
3147
3148
3156
3157
3160
3161
3165
3167
3170
3171
3172
3173
3176
3178
3181
3184
3185
3186
3187
3189
3191
3192
3193
3194
3195
3196
3197
3199
3206
3208
3209
3210
3213
3218
3219
3222
3224
3225
3227
3231
3232
3233
3235
3236
3237
3240
3241
3242
3243
3247
3250
3251
3252
3255
3258
3259
3261
3262
3263
3266
3267
3268
3269
3270
3271
3272
3273
3274
3276
3277
3279
3280
3281
3282
3283
3285
3287
3288
3289
3290
3291
3292
3293
3295
3297
3301
3309
3310
3312
3313
3314
3318
3319
3321
3322
3323
3325
3327
3329
3330
3335
3336
3337
3338
3339
3340
3345
3352
3353
3356
3357
3360
3361
3362
3364
3365
3366
3371
3372
3374
3376
3381
3382
3385
3387
3388
3391
3392
3393
3395
3397
3400
3401
3403
3404
3405
3410
3414
3415
3417
3418
3422
3425
3428
3430
3432
3434
3435
3436
3437
3441
3444
3447
3448
3449
3453
3454
3457
3458
3459
3460
3464
3469
3471
3472
3474
3476
3477
3478
3480
3483
3484
3485
3488
3490
3491
3492
3495
3496
3497
3498
3500
3501
3503
3504
3507
3508
3509
3510
3512
3513
3514
3515
3517
3518
3519
3520
3521
3522
3525
3527
3529
3530
3532
3533
3534
3535
3537
3538
3539
3541
3542
3543
3546
3548
3549
3551
3552
3553
3556
3557
3559
3560
3561
3563
3564
3565
3566
3567
3568
3569
3570
3571
3572
3573
3577
3581
3584
3585
3587
3588
3590
3591
3594
3595
3596
3598
3605
3606
3607
3609
3613
3619
3620
3623
3624
3625
3626
3628
3629
3631
3632
3634
3635
3636
3639
3640
3641
3644
3645
3647
3651
3652
3654
3655
3657
3658
3659
3662
3663
3664
3666
3667
3669
3670
3672
3674
3675
3676
3677
3678
3680
3681
3682
3684
3685
3687
3689
3691
3693
3695
3697
3699
3703
3704
3707
3709
3714
3715
3717
3718
3720
3721
3722
3725
3726
3729
3732
3734
3738
3740
3741
3743
3744
3745
3746
3748
3750
3751
3752
3753
3754
3755
3759
3761
3764
3765
3768
3769
3770
3772
3773
3777
3778
3779
3784
3786
3788
3791
3793
3795
3797
3798
3799
3802
3806
3810
3812
3816
3817
3821
3822
3823
3825
3826
3828
3831
3834
3836
3837
3838
3840
3841
3844
3846
3847
3848
3855
3857
3859
3861
3862
3865
3868
3869
3872
3874
3875
3881
3884
3885
3887
3888
3891
3892
3896
3898
3899
3901
3903
3904
3905
3907
3908
3909
3910
3911
3912
3914
3916
3921
3922
3923
3924
3927
3929
3930
3934
3936
3937
3940
3941
3943
3944
3945
3947
3951
3952
3957
3960
3962
3963
3964
3965
3968
3970
3973
3975
3979
3980
3982
3983
3984
3985
3988
3989
3991
3993
3994
3995
3996
3998
4000
4001
4002
4003
4004
4005
4006
4007
4009
4010
4011
4012
4013
4014
4018
4019
4020
4021
4022
4025
4026
4027
4030
4031
4032
4037
4038
4039
4040
4041
4042
4043
4044
4054
4057
4062
4064
4066
4067
4068
4069
4071
4072
4073
4076
4077
4081
4082
4084
4085
4087
4088
4090
4091
4095
4099
4100
4103
4104
4105
4106
4108
4109
4110
4112
4115
4116
4118
4120
4121
4122
4123
4126
4127
4128
4133
4134
4135
4139
4140
4148
4149
4151
4153
4154
4156
4157
4158
4160
4161
4164
4166
4167
4168
4169
4170
4171
4177
4179
4181
4184
4185
4186
4189
4194
4195
4196
4197
4199
4200
4201
4203
4204
4206
4208
4209
4210
4211
4215
4216
4217
4218
4219
4220
4225
4226
4227
4231
4233
4235
4236
4237
4239
4240
4241
4243
4245
4246
4248
4249
4251
4252
4254
4255
4256
4259
4261
4265
4267
4271
4272
4273
4274
4275
4276
4277
4278
4279
4280
4282
4289
4290
4293
4296
4300
4301
4304
4305
4306
4308
4310
4312
4313
4314
4323
4325
4327
4328
4329
4333
4335
4337
4339
4342
4344
4345
4348
4352
4353
4355
4356
4361
4363
4368
4371
4372
4374
4376
4379
4382
4383
4385
4386
4387
4388
4389
4391
4392
4393
4394
4397
4398
4400
4401
4404
4408
4409
4410
4413
4417
4418
4419
4420
4421
4423
4424
4425
4426
4429
4431
4432
4434
4436
4437
4439
4443
4444
4445
4447
4449
4452
4454
4455
4456
4457
4458
4461
4462
4467
4469
4472
4474
4475
4476
4478
4479
4480
4482
4483
4485
4486
4487
4488
4490
4492
4494
4496
4497
4498
4499
4501
4502
4503
4505
4507
4508
4509
4511
4512
4514
4515
4520
4522
4523
4525
4527
4528
4529
4530
4531
4532
4534
4535
4536
4537
4539
4542
4544
4545
4549
4550
4551
4552
4557
4559
4563
4566
4567
4568
4569
4570
4571
4572
4577
4578
4579
4580
4582
4584
4590
4591
4593
4594
4596
4598
4599
4600
4601
4602
4604
4605
4609
4610
4611
4613
4614
4615
4619
4620
4622
4623
4627
4628
4631
4637
4639
4642
4643
4644
4645
4646
4652
4654
4656
4657
4658
4659
4664
4665
4668
4670
4671
4672
4673
4674
4675
4676
4680
4682
4683
4686
4687
4688
4692
4695
4696
4697
4698
4700
4701
4702
4711
4712
4713
4714
4716
4719
4720
4723
4725
4728
4733
4734
4736
4738
4739
4740
4743
4744
4748
4750
4754
4755
4756
4758
4760
4764
4766
4768
4772
4777
4779
4780
4782
4783
4784
4785
4788
4789
4790
4792
4793
4795
4797
4799
4800
4801
4803
4804
4807
4808
4810
4811
4812
4815
4817
4818
4819
4822
4824
4825
4826
4828
4829
4835
4840
4843
4844
4846
4848
4849
4850
4853
4855
4857
4858
4859
4860
4861
4864
4868
4869
4870
4872
4873
4874
4875
4876
4877
4879
4885
4886
4887
4889
4891
4892
4894
4900
4901
4902
4907
4908
4911
4912
4915
4916
4919
4921
4923
4926
4928
4929
4930
4933
4934
4935
4939
4940
4943
4945
4949
4950
4952
4955
4956
4957
4958
4959
4960
4961
4962
4963
4965
4966
4969
4971
4975
4976
4977
4978
4979
4981
4983
4988
4989
4990
4991
4992
4993
4996
4998
4999
5002
5004
5005
5006
5010
5011
5012
5013
5015
5017
5019
5020
5024
5026
5027
5029
5032
5035
5036
5040
5041
5047
5048
5054
5056
5057
5059
5061
5062
5063
5064
5067
5068
5069
5070
5074
5075
5082
5084
5085
5086
5090
5091
5093
5097
5098
5100
5102
5105
5106
5107
5108
5110
5117
5118
5119
5120
5123
5124
5125
5127
5129
5130
5131
5133
5134
5137
5138
5141
5142
5147
5148
5151
5152
5153
5154
5156
5157
5158
5159
5160
5161
5162
5164
5165
5168
5171
5172
5175
5179
5182
5183
5184
5186
5189
5190
5192
5193
5194
5197
5198
5199
5200
5203
5205
5210
5211
5215
5216
5217
5218
5219
5220
5222
5223
5224
5225
5232
5234
5235
5236
5238
5240
5243
5249
5250
5253
5254
5255
5256
5260
5262
5264
5265
5266
5267
5271
5272
5273
5274
5279
5281
5282
5283
5284
5285
5286
5288
5290
5292
5293
5295
5296
5297
5299
5302
5303
5306
5310
5311
5312
5313
5315
5316
5317
5318
5322
5323
5324
5326
5327
5330
5331
5332
5333
5335
5336
5337
5338
5340
5344
5345
5346
5347
5350
5351
5355
5359
5360
5361
5363
5364
5365
5366
5367
5368
5369
5372
5373
5377
5378
5380
5385
5386
5387
5390
5391
5392
5394
5398
5402
5404
5405
5407
5408
5410
5411
5412
5414
5415
5418
5420
5422
5423
5425
5426
5427
5432
5437
5444
5445
5449
5450
5452
5456
5457
5458
5459
5464
5469
5473
5475
5476
5477
5478
5480
5484
5485
5487
5488
5490
5492
5494
5495
5496
5497
5498
5499
5500
5501
5502
5503
5511
5512
5515
5516
5517
5520
5521
5522
5524
5525
5529
5530
5531
5537
5538
5540
5544
5545
5547
5549
5550
5552
5555
5558
5568
5570
5572
5573
5575
5578
5579
5580
5582
5583
5587
5589
5591
5592
5595
5596
5597
5598
5603
5604
5607
5608
5611
5613
5614
5618
5623
5624
5626
5628
5629
5633
5634
5636
5638
5642
5644
5645
5647
5648
5649
5650
5652
5655
5656
5661
5663
5667
5670
5671
5674
5675
5676
5677
5678
5679
5681
5682
5683
5684
5686
5688
5691
5692
5693
5696
5698
5699
5700
5701
5703
5704
5705
5706
5709
5710
5713
5718
5719
5722
5725
5726
5732
5733
5736
5737
5738
5740
5746
5747
5748
5750
5752
5754
5756
5757
5759
5761
5764
5767
5768
5769
5772
5773
5774
5778
5780
5782
5785
5787
5788
5791
5794
5797
5803
5804
5805
5808
5809
5810
5812
5813
5818
5819
5820
5821
5824
5826
5830
5831
5833
5835
5836
5837
5838
5840
5842
5845
5849
5852
5854
5855
5856
5858
5860
5864
5865
5866
5868
5869
5870
5873
5875
5876
5878
5880
5881
5883
5885
5888
5891
5892
5893
5894
5895
5898
5899
5900
5901
5902
5903
5904
5905
5906
5907
5910
5914
5915
5916
5920
5923
5924
5926
5927
5928
5930
5933
5934
5935
5936
5937
5939
5944
5945
5947
5949
5950
5951
5952
5954
5955
5957
5960
5961
5962
5964
5968
5969
5971
5972
5975
5977
5978
5980
5982
5983
5984
5985
5986
5987
5991
5997
5998
5999
6000
6001
6004
6005
6006
6007
6008
6009
6010
6011
6013
6014
6017
6019
6020
6023
6024
6027
6028
6029
6030
6031
6032
6034
6037
6038
6039
6041
6042
6043
6046
6048
6050
6051
6052
6054
6056
6057
6061
6066
6071
6072
6075
6076
6077
6079
6083
6085
6086
6087
6088
6092
6093
6094
6095
6098
6099
6101
6102
6104
6107
6108
6110
6111
6115
6117
6118
6119
6121
6122
6125
6127
6129
6133
6135
6138
6139
6142
6143
6145
6146
6149
6150
6151
6152
6153
6154
6156
6157
6158
6159
6162
6163
6165
6166
6167
6170
6174
6177
6182
6183
6184
6185
6186
6189
6195
6199
6201
6203
6206
6207
6208
6212
6214
6216
6217
6222
6223
6224
6227
6233
6234
6247
6250
6251
6253
6258
6261
6262
6264
6265
6267
6268
6269
6271
6274
6275
6277
6278
6280
6281
6282
6285
6289
6290
6291
6292
6293
6294
6295
6296
6298
6299
6300
6302
6304
6306
6308
6309
6312
6313
6314
6317
6318
6321
6322
6324
6325
6328
6334
6336
6339
6344
6346
6349
6351
6352
6353
6356
6357
6358
6363
6366
6367
6368
6370
6371
6373
6375
6376
6377
6381
6382
6384
6385
6387
6388
6392
6394
6395
6401
6403
6404
6405
6408
6409
6410
6413
6418
6420
6422
6424
6428
6430
6431
6436
6438
6439
6441
6444
6445
6446
6454
6458
6461
6462
6466
6467
6470
6471
6472
6473
6476
6478
6480
6482
6483
6484
6491
6492
6493
6494
6496
6498
6499
6501
6503
6504
6505
6506
6511
6513
6514
6515
6517
6519
6522
6524
6526
6529
6532
6536
6537
6538
6539
6540
6541
6544
6547
6551
6555
6556
6557
6560
6562
6563
6565
6567
6568
6570
6571
6573
6575
6576
6582
6583
6584
6585
6586
6591
6592
6594
6595
6599
6600
6601
6602
6603
6605
6606
6609
6611
6612
6613
6614
6615
6616
6620
6622
6623
6625
6626
6627
6632
6635
6637
6639
6640
6641
6642
6643
6645
6647
6648
6649
6652
6654
6655
6660
6661
6665
6670
6671
6673
6674
6675
6676
6682
6684
6685
6686
6687
6688
6692
6694
6695
6696
6697
6699
6702
6703
6704
6705
6706
6710
6712
6713
6715
6720
6723
6724
6730
6731
6732
6733
6735
6736
6737
6739
6741
6746
6748
6749
6752
6753
6754
6756
6758
6760
6761
6762
6774
6775
6776
6777
6785
6786
6787
6790
6792
6794
6795
6796
6797
6798
6799
6801
6803
6806
6810
6821
6822
6823
6827
6829
6831
6834
6835
6836
6837
6839
6841
6842
6843
6844
6846
6847
6851
6853
6854
6855
6860
6861
6862
6865
6868
6869
6871
6872
6873
6874
6877
6879
6882
6885
6888
6889
6890
6891
6894
6895
6900
6901
6902
6904
6906
6907
6911
6912
6914
6915
6916
6924
6925
6926
6930
6934
6936
6938
6939
6943
6944
6945
6947
6948
6949
6951
6955
6961
6967
6968
6970
6972
6973
6974
6976
6980
6981
6982
6983
6986
6987
6990
6991
6994
6996
6997
6998
6999
7000
7007
7008
7010
7011
7013
7015
7021
7022
7023
7027
7032
7033
7035
7036
7037
7038
7039
7040
7044
7048
7050
7051
7052
7055
7056
7058
7059
7061
7062
7063
7065
7066
7068
7069
7070
7071
7072
7075
7076
7077
7079
7081
7082
7084
7088
7092
7094
7095
7097
7098
7099
7100
7106
7107
7108
7112
7113
7114
7115
7116
7117
7118
7119
7121
7123
7124
7125
7128
7129
7130
7134
7136
7137
7138
7140
7141
7142
7143
7144
7145
7146
7147
7148
7151
7152
7153
7154
7155
7156
7157
7159
7160
7161
7162
7167
7168
7169
7173
7174
7184
7188
7189
7191
7193
7195
7198
7200
7201
7202
7203
7205
7207
7208
7211
7213
7214
7215
7216
7224
7225
7226
7227
7228
7230
7231
7235
7237
7238
7246
7253
7254
7255
7256
7258
7260
7261
7262
7263
7265
7266
7267
7268
7269
7270
7271
7272
7273
7274
7275
7276
7279
7281
7282
7283
7288
7290
7291
7292
7299
7303
7304
7307
7311
7312
7315
7316
7317
7324
7326
7327
7328
7330
7331
7334
7335
7337
7338
7339
7340
7341
7343
7344
7348
7351
7353
7354
7355
7356
7358
7359
7360
7361
7362
7363
7364
7367
7373
7375
7376
7377
7379
7382
7385
7390
7391
7392
7394
7396
7397
7398
7400
7401
7405
7407
7411
7413
7416
7417
7418
7420
7423
7424
7426
7427
7429
7430
7431
7432
7434
7435
7436
7438
7439
7443
7447
7448
7451
7452
7454
7455
7458
7459
7460
7461
7462
7464
7467
7468
7469
7473
7474
7475
7476
7477
7478
7480
7481
7482
7484
7485
7488
7489
7491
7492
7494
7495
7497
7498
7501
7502
7507
7508
7509
7512
7513
7514
7515
7516
7519
7520
7521
7522
7523
7525
7526
7530
7533
7535
7537
7539
7541
7544
7545
7546
7547
7548
7551
7553
7554
7557
7558
7559
7561
7563
7565
7567
7569
7570
7571
7572
7573
7574
7582
7584
7589
7590
7591
7592
7594
7596
7597
7600
7601
7602
7605
7606
7608
7611
7613
7615
7618
7621
7622
7623
7625
7626
7627
7629
7630
7632
7633
7634
7636
7638
7641
7642
7648
7650
7652
7653
7656
7657
7660
7664
7666
7667
7669
7670
7672
7673
7679
7680
7682
7683
7686
7687
7690
7691
7692
7693
7696
7702
7703
7707
7709
7710
7711
7714
7715
7717
7718
7720
7722
7723
7727
7729
7730
7731
7733
7734
7736
7737
7741
7742
7743
7744
7746
7749
7750
7751
7752
7753
7754
7759
7760
7763
7764
7766
7767
7769
7770
7773
7776
7777
7784
7787
7791
7795
7796
7797
7798
7800
7802
7804
7805
7806
7807
7808
7809
7810
7812
7813
7814
7815
7818
7821
7824
7825
7827
7830
7832
7833
7834
7835
7836
7837
7839
7841
7842
7845
7849
7850
7851
7852
7853
7857
7858
7859
7860
7865
7866
7868
7871
7873
7874
7878
7879
7881
7882
7883
7885
7886
7887
7888
7889
7890
7893
7894
7898
7899
7900
7901
7902
7904
7905
7906
7907
7908
7913
7914
7917
7918
7919
7920
7921
7922
7924
7928
7930
7931
7938
7941
7942
7945
7948
7949
7951
7952
7954
7955
7956
7959
7960
7963
7966
7967
7970
7971
7974
7975
7976
7988
7990
7993
7995
7999
8001
8003
8004
8008
8011
8012
8013
8017
8019
8021
8023
8025
8029
8031
8033
8036
8038
8039
8042
8045
8046
8048
8054
8055
8058
8060
8061
8063
8064
8065
8069
8070
8071
8073
8074
8076
8077
8078
8079
8080
8083
8092
8093
8095
8097
8098
8099
8101
8102
8103
8107
8108
8109
8111
8114
8115
8116
8119
8120
8128
8129
8132
8134
8137
8138
8139
8142
8147
8150
8152
8157
8158
8161
8162
8163
8164
8165
8167
8170
8171
8174
8176
8179
8181
8184
8185
8186
8188
8191
8192
8194
8195
8196
8197
8203
8204
8210
8211
8214
8218
8220
8221
8223
8229
8231
8233
8234
8237
8239
8240
8242
8243
8244
8245
8248
8250
8252
8253
8254
8255
8257
8259
8260
8261
8262
8263
8264
8271
8273
8274
8275
8276
8278
8279
8282
8283
8285
8286
8292
8293
8296
8300
8302
8303
8305
8306
8314
8316
8318
8319
8321
8322
8323
8327
8328
8330
8333
8334
8335
8336
8337
8338
8340
8341
8346
8348
8350
8351
8353
8356
8357
8361
8362
8363
8364
8367
8369
8372
8373
8374
8376
8377
8380
8381
8383
8385
8388
8390
8391
8394
8395
8400
8402
8404
8405
8406
8408
8409
8410
8411
8412
8413
8415
8416
8419
8421
8422
8424
8426
8427
8428
8429
8435
8436
8437
8439
8441
8442
8444
8446
8450
8453
8455
8456
8458
8465
8468
8471
8472
8474
8476
8477
8480
8489
8490
8493
8496
8497
8500
8502
8503
8506
8512
8513
8515
8518
8519
8520
8521
8523
8525
8526
8527
8529
8532
8535
8537
8538
8539
8541
8542
8543
8544
8545
8547
8548
8552
8553
8555
8557
8558
8559
8561
8563
8564
8565
8567
8568
8569
8570
8571
8572
8573
8574
8575
8576
8577
8579
8581
8582
8587
8588
8589
8591
8593
8597
8598
8600
8602
8604
8605
8606
8608
8612
8614
8615
8617
8619
8622
8623
8624
8625
8626
8629
8631
8634
8635
8637
8641
8642
8645
8647
8651
8652
8653
8656
8657
8658
8660
8661
8663
8664
8665
8666
8667
8669
8672
8673
8676
8677
8678
8679
8681
8686
8687
8690
8691
8695
8697
8698
8699
8706
8707
8709
8711
8712
8714
8715
8718
8719
8722
8725
8726
8727
8728
8729
8731
8734
8735
8738
8739
8741
8743
8745
8746
8747
8748
8749
8753
8757
8759
8763
8764
8765
8766
8767
8768
8769
8771
8772
8774
8775
8776
8781
8782
8786
8787
8794
8796
8798
8802
8803
8805
8806
8808
8810
8811
8812
8819
8820
8823
8824
8825
8827
8828
8829
8830
8836
8837
8838
8841
8842
8843
8845
8847
8857
8858
8860
8861
8864
8865
8870
8871
8872
8875
8878
8881
8882
8883
8884
8886
8889
8891
8893
8898
8899
8901
8905
8906
8913
8916
8920
8921
8923
8924
8926
8927
8928
8929
8931
8932
8934
8935
8937
8938
8940
8943
8945
8946
8947
8950
8951
8952
8953
8954
8955
8956
8958
8962
8963
8964
8965
8966
8967
8969
8970
8973
8976
8978
8979
8980
8981
8982
8983
8985
8986
8987
8989
8992
8993
8994
8996
8999
9000
9001
9002
9003
9007
9008
9014
9015
9016
9020
9025
9026
9027
9028
9029
9032
9033
9037
9039
9041
9042
9043
9045
9047
9050
9052
9053
9055
9056
9057
9063
9064
9070
9071
9072
9074
9078
9083
9085
9087
9089
9091
9093
9094
9096
9097
9098
9100
9101
9102
9109
9114
9115
9116
9120
9122
9124
9125
9126
9127
9128
9129
9131
9133
9134
9135
9137
9138
9139
9141
9144
9145
9148
9149
9150
9151
9153
9154
9155
9157
9159
9160
9161
9164
9165
9166
9167
9168
9169
9172
9173
9174
9175
9180
9182
9183
9184
9185
9186
9189
9190
9194
9195
9196
9199
9201
9203
9206
9208
9209
9210
9211
9213
9216
9217
9220
9221
9224
9225
9230
9231
9233
9234
9235
9236
9238
9239
9240
9241
9243
9245
9246
9247
9250
9251
9253
9254
9256
9258
9260
9263
9266
9270
9273
9274
9275
9279
9280
9282
9283
9284
9286
9289
9292
9293
9296
9305
9307
9308
9309
9310
9312
9314
9315
9319
9322
9325
9326
9332
9335
9337
9338
9339
9344
9345
9348
9349
9350
9351
9355
9359
9361
9365
9366
9367
9369
9370
9371
9374
9376
9377
9380
9382
9384
9387
9388
9389
9394
9398
9401
9402
9404
9406
9407
9408
9409
9411
9415
9418
9419
9420
9421
9428
9429
9432
9435
9438
9440
9441
9446
9447
9448
9449
9451
9452
9456
9459
9463
9471
9472
9473
9475
9477
9478
9483
9484
9485
9486
9492
9493
9497
9499
9500
9501
9502
9503
9504
9505
9506
9507
9509
9510
9511
9512
9513
9516
9517
9518
9519
9520
9522
9524
9528
9529
9531
9535
9539
9540
9542
9543
9547
9548
9549
9550
9552
9553
9554
9556
9559
9560
9561
9566
9569
9571
9572
9574
9575
9578
9580
9581
9582
9583
9586
9587
9588
9593
9594
9595
9602
9603
9606
9608
9610
9612
9613
9614
9615
9616
9617
9618
9619
9621
9623
9626
9627
9630
9631
9632
9634
9637
9639
9643
9644
9645
9646
9647
9648
9651
9654
9656
9660
9661
9665
9667
9669
9673
9677
9678
9679
9680
9682
9685
9686
9689
9690
9691
9693
9695
9696
9697
9698
9703
9706
9707
9709
9711
9712
9714
9719
9721
9722
9723
9724
9725
9727
9732
9733
9734
9736
9738
9741
9743
9745
9747
9748
9749
9750
9753
9757
9765
9766
9768
9769
9770
9771
9772
9774
9775
9777
9780
9782
9783
9784
9785
9791
9793
9797
9798
9801
9806
9808
9809
9810
9813
9815
9816
9817
9818
9821
9822
9823
9826
9828
9829
9832
9834
9837
9838
9839
9840
9843
9844
9845
9846
9848
9855
9856
9857
9859
9861
9862
9863
9864
9868
9874
9875
9877
9878
9879
9880
9882
9885
9892
9894
9895
9898
9899
9900
9904
9905
9907
9909
9910
9912
9916
9921
9922
9924
9925
9929
9930
9940
9941
9943
9946
9947
9948
9949
9951
9954
9956
9965
9968
9971
9973
9975
9979
9981
9983
9984
9985
9989
9991
9992
9993
9994
9995
9996
9997
-1
