1
2
4
5
11
12
16
18
21
22
24
25
28
29
32
33
34
38
40
42
43
44
45
46
50
52
53
55
59
62
63
64
65
69
72
73
79
80
82
86
88
89
90
93
94
95
99
100
101
103
106
108
111
115
116
117
118
120
121
122
123
127
128
131
135
136
139
142
143
144
145
146
147
148
151
155
157
158
159
160
162
163
164
166
167
170
174
176
177
178
180
182
186
187
188
189
193
194
196
197
201
203
204
205
206
207
208
209
210
211
214
215
217
218
219
223
224
225
231
234
238
241
243
244
247
249
251
252
255
257
260
261
264
265
267
268
272
274
275
278
282
283
286
287
288
289
292
295
296
297
301
303
304
305
308
309
310
311
312
313
318
319
320
321
322
324
327
328
329
330
332
334
336
337
343
344
348
351
353
354
357
358
360
361
362
363
364
367
370
371
376
377
380
381
382
383
387
390
392
395
398
399
400
401
402
403
407
410
411
412
413
414
417
418
420
421
423
424
426
427
428
434
435
436
438
439
441
444
447
448
455
458
459
461
466
467
469
471
472
475
476
477
478
479
484
486
487
489
494
495
497
499
500
502
503
506
508
511
513
518
519
521
522
525
526
528
529
531
532
535
539
547
548
549
552
553
554
556
559
561
565
569
570
571
572
573
576
577
578
579
580
582
583
584
585
587
588
589
590
591
594
601
602
603
605
607
608
612
614
615
617
618
621
623
624
628
630
631
632
635
639
641
646
647
650
652
654
655
656
658
659
660
661
664
665
667
672
673
674
679
680
681
683
685
686
687
688
689
690
693
694
696
697
699
700
701
704
706
707
708
709
717
719
720
724
726
728
729
730
731
732
737
738
740
741
742
744
746
747
751
752
753
754
756
757
758
760
762
764
766
767
769
770
776
777
780
781
782
783
784
785
786
787
788
789
790
791
792
793
795
796
798
800
806
808
809
812
813
814
815
817
818
819
824
825
826
827
829
830
831
832
833
835
836
842
845
848
850
853
859
861
862
863
864
866
867
868
869
870
873
876
878
879
880
881
883
884
889
890
893
894
896
897
898
899
901
903
905
907
908
910
912
914
918
920
924
926
927
928
930
931
933
934
936
937
939
940
943
944
945
947
948
950
951
956
957
958
959
960
961
962
963
964
966
968
970
971
974
975
976
977
979
980
981
982
985
986
988
990
991
994
995
996
997
1000
-1
