1
2
6
12
13
14
16
17
18
19
23
25
27
33
36
37
39
40
43
44
45
48
49
50
55
57
62
69
71
72
73
77
78
79
83
84
85
88
89
90
91
96
101
102
104
106
111
112
115
118
123
124
126
127
130
132
133
134
135
138
139
141
144
148
150
154
156
160
161
163
166
170
171
172
174
179
189
190
192
194
196
200
203
204
205
206
207
208
209
215
216
219
220
223
224
225
226
229
231
232
235
236
239
240
242
243
245
248
249
252
253
255
258
259
264
266
267
268
269
270
271
272
274
275
276
279
283
284
285
287
288
289
293
294
295
296
297
298
299
302
305
307
308
309
310
313
317
322
323
324
326
329
330
334
335
338
340
341
342
343
346
347
350
353
354
358
359
360
362
363
364
365
366
367
370
371
373
374
375
379
381
384
385
386
387
388
389
392
393
395
397
398
403
404
406
408
411
413
414
415
416
417
420
422
424
425
427
428
429
434
437
439
440
441
449
450
455
461
463
464
465
467
470
473
475
477
482
484
487
488
489
492
493
495
499
500
502
503
506
507
508
509
512
513
514
516
517
519
521
522
523
525
528
530
532
533
534
535
536
538
539
541
544
545
548
549
553
554
555
558
559
560
562
565
570
572
574
575
576
577
578
581
582
584
585
586
588
589
591
594
599
600
603
604
611
612
615
617
618
625
629
630
631
633
634
635
638
639
640
642
643
645
648
650
653
655
656
658
659
660
662
663
665
668
669
670
671
672
673
676
680
682
683
685
686
687
688
689
690
691
692
693
695
701
705
706
707
708
711
714
715
717
719
722
723
730
735
736
737
738
740
744
745
748
749
750
755
756
757
758
760
763
766
767
769
774
775
776
777
783
784
787
790
792
793
794
798
800
801
804
805
808
810
811
812
814
815
817
818
820
823
826
828
830
831
833
834
837
839
842
843
844
846
852
853
856
857
861
863
864
866
869
871
873
874
875
876
877
878
880
882
884
885
886
888
890
891
893
896
897
898
899
901
903
905
907
909
911
915
921
924
929
930
931
934
935
936
937
939
941
942
944
952
954
956
958
959
960
961
962
963
968
969
971
972
973
974
975
978
980
981
982
984
985
987
995
997
998
999
1002
1009
1010
1013
1014
1018
1019
1022
1025
1026
1027
1030
1031
1033
1035
1038
1041
1042
1043
1044
1046
1048
1051
1052
1053
1054
1057
1058
1060
1061
1063
1064
1067
1070
1071
1072
1073
1074
1075
1078
1079
1080
1084
1085
1087
1088
1090
1091
1095
1099
1101
1102
1103
1105
1107
1108
1109
1112
1113
1115
1118
1119
1123
1124
1127
1130
1131
1132
1133
1135
1139
1140
1143
1146
1148
1153
1156
1163
1164
1165
1167
1168
1169
1170
1175
1176
1178
1181
1182
1188
1194
1195
1196
1197
1199
1200
1201
1203
1206
1208
1209
1216
1218
1219
1220
1223
1224
1225
1226
1228
1229
1232
1233
1235
1241
1243
1246
1250
1254
1255
1257
1258
1262
1264
1267
1268
1271
1274
1276
1277
1279
1281
1288
1289
1292
1294
1298
1299
1300
1301
1303
1305
1308
1312
1313
1316
1318
1320
1322
1323
1325
1331
1332
1333
1334
1336
1342
1343
1347
1348
1350
1352
1353
1355
1356
1357
1358
1359
1361
1363
1366
1368
1369
1370
1371
1372
1373
1377
1378
1381
1384
1388
1394
1395
1396
1397
1400
1401
1402
1404
1405
1407
1408
1410
1411
1412
1413
1423
1424
1426
1427
1428
1430
1432
1434
1435
1438
1440
1441
1442
1444
1449
1452
1453
1454
1455
1457
1462
1464
1465
1466
1467
1469
1470
1472
1473
1474
1478
1482
1484
1487
1488
1489
1490
1493
1496
1497
1498
1499
1504
1508
1512
1513
1515
1516
1517
1520
1522
1523
1524
1525
1526
1528
1529
1533
1536
1537
1540
1541
1542
1546
1547
1548
1549
1553
1554
1557
1559
1560
1562
1566
1568
1570
1571
1572
1573
1574
1576
1577
1581
1586
1587
1589
1590
1591
1593
1598
1599
1600
1601
1602
1607
1608
1609
1611
1614
1617
1620
1621
1622
1624
1626
1627
1628
1630
1635
1638
1640
1642
1643
1644
1645
1647
1649
1650
1653
1654
1655
1661
1663
1665
1666
1670
1671
1672
1676
1679
1680
1682
1684
1685
1687
1691
1692
1693
1696
1698
1701
1703
1704
1708
1712
1723
1725
1727
1728
1732
1733
1734
1737
1739
1742
1743
1744
1746
1748
1752
1756
1758
1760
1763
1764
1765
1768
1770
1771
1773
1774
1775
1776
1777
1778
1782
1783
1784
1786
1787
1796
1797
1798
1801
1802
1803
1804
1805
1807
1809
1811
1812
1813
1820
1821
1822
1825
1826
1832
1833
1834
1835
1836
1839
1844
1845
1846
1848
1850
1851
1854
1855
1856
1866
1867
1868
1871
1874
1876
1877
1879
1880
1886
1887
1888
1893
1894
1896
1897
1900
1902
1906
1907
1908
1911
1913
1914
1915
1916
1917
1918
1920
1922
1924
1925
1926
1929
1933
1936
1937
1938
1941
1949
1950
1952
1953
1957
1959
1961
1962
1963
1969
1970
1972
1974
1975
1979
1984
1986
1988
1990
1991
1994
1995
1997
2000
2002
2006
2007
2010
2011
2012
2018
2019
2021
2023
2028
2030
2032
2034
2037
2040
2042
2044
2045
2047
2051
2054
2056
2057
2060
2063
2064
2067
2068
2069
2070
2071
2073
2076
2077
2078
2080
2088
2090
2098
2099
2100
2101
2104
2105
2106
2108
2109
2110
2111
2116
2117
2118
2119
2121
2122
2123
2127
2128
2129
2131
2133
2135
2140
2141
2142
2144
2145
2147
2150
2151
2153
2157
2158
2160
2164
2166
2167
2168
2169
2170
2171
2175
2176
2177
2178
2180
2187
2189
2190
2191
2192
2193
2194
2199
2200
2201
2202
2204
2205
2206
2208
2211
2212
2216
2217
2219
2221
2222
2224
2225
2226
2229
2231
2232
2233
2234
2235
2237
2238
2239
2240
2245
2246
2248
2250
2251
2253
2255
2257
2259
2263
2266
2267
2270
2275
2278
2279
2281
2282
2287
2288
2289
2294
2295
2296
2297
2299
2302
2304
2307
2308
2309
2310
2311
2313
2314
2315
2319
2320
2321
2322
2323
2325
2327
2328
2329
2330
2335
2339
2340
2342
2343
2345
2349
2350
2354
2355
2356
2358
2364
2365
2368
2369
2372
2374
2376
2377
2378
2380
2382
2384
2390
2392
2396
2398
2399
2400
2401
2402
2404
2405
2406
2408
2410
2411
2413
2418
2422
2424
2427
2428
2429
2430
2431
2432
2435
2436
2437
2442
2444
2446
2448
2450
2451
2454
2455
2457
2459
2461
2462
2464
2467
2468
2469
2472
2473
2478
2482
2483
2485
2486
2488
2492
2493
2494
2496
2498
2500
2502
2503
2506
2507
2508
2516
2517
2519
2522
2527
2529
2532
2534
2535
2537
2540
2541
2542
2543
2546
2547
2549
2551
2552
2554
2559
2560
2561
2562
2563
2564
2568
2572
2574
2578
2579
2581
2582
2583
2585
2587
2588
2589
2590
2591
2594
2596
2597
2598
2599
2600
2604
2607
2609
2613
2624
2626
2627
2630
2632
2635
2638
2639
2641
2642
2647
2652
2657
2658
2660
2661
2662
2664
2669
2670
2671
2672
2675
2677
2679
2681
2682
2687
2690
2692
2696
2697
2701
2704
2705
2706
2711
2713
2716
2717
2720
2722
2723
2726
2727
2729
2732
2738
2741
2742
2744
2745
2747
2751
2753
2755
2757
2758
2760
2762
2764
2771
2777
2778
2782
2783
2784
2785
2788
2789
2791
2792
2794
2795
2796
2798
2799
2800
2802
2803
2804
2805
2807
2809
2810
2812
2815
2816
2817
2818
2819
2822
2823
2824
2826
2828
2831
2833
2835
2838
2839
2840
2842
2846
2847
2848
2849
2850
2851
2852
2853
2856
2860
2862
2864
2866
2868
2869
2870
2871
2873
2874
2876
2878
2880
2881
2885
2886
2891
2893
2894
2895
2896
2897
2899
2901
2902
2903
2904
2906
2908
2910
2911
2912
2915
2917
2918
2922
2923
2925
2928
2930
2936
2937
2943
2945
2946
2947
2952
2953
2955
2958
2961
2963
2964
2966
2968
2970
2971
2972
2975
2977
2980
2981
2982
2983
2985
2986
2988
2989
2991
2992
2999
3000
3001
3002
3003
3004
3005
3006
3007
3009
3010
3013
3014
3016
3018
3019
3020
3022
3023
3025
3026
3029
3030
3031
3033
3034
3035
3038
3040
3042
3045
3046
3048
3050
3051
3052
3056
3057
3059
3060
3064
3066
3067
3070
3071
3073
3074
3075
3077
3078
3080
3081
3083
3084
3085
3087
3090
3091
3092
3096
3097
3098
3100
3101
3102
3103
3107
3108
3110
3112
3113
3116
3117
3122
3127
3129
3135
3138
3139
3140
3141
3144
3145
3147
3150
3151
3152
3155
3156
3157
3158
3161
3162
3163
3164
3166
3167
3169
3170
3172
3175
3177
3178
3182
3184
3185
3188
3189
3196
3198
3202
3205
3206
3207
3208
3209
3211
3215
3220
3224
3225
3226
3227
3231
3235
3236
3239
3240
3241
3244
3247
3248
3249
3250
3251
3252
3254
3255
3257
3259
3267
3268
3270
3271
3275
3277
3279
3280
3285
3286
3293
3296
3297
3301
3302
3304
3305
3306
3308
3310
3311
3312
3316
3318
3320
3321
3322
3323
3325
3327
3328
3330
3334
3335
3337
3339
3347
3349
3350
3352
3354
3357
3358
3361
3362
3363
3364
3365
3368
3370
3376
3377
3378
3379
3380
3382
3383
3384
3385
3386
3387
3388
3389
3390
3392
3395
3398
3400
3401
3402
3406
3407
3409
3410
3412
3413
3422
3425
3428
3429
3431
3432
3434
3436
3439
3441
3442
3444
3447
3448
3454
3455
3456
3458
3462
3463
3465
3467
3468
3469
3470
3472
3475
3479
3482
3485
3487
3489
3491
3493
3494
3495
3496
3498
3499
3500
3502
3503
3504
3505
3507
3510
3512
3513
3521
3522
3525
3526
3528
3530
3532
3534
3536
3538
3539
3541
3542
3543
3546
3547
3549
3554
3557
3558
3559
3560
3563
3565
3568
3569
3570
3575
3577
3578
3579
3581
3582
3583
3585
3591
3592
3593
3594
3595
3597
3600
3602
3603
3606
3609
3610
3611
3612
3613
3614
3617
3623
3625
3627
3628
3630
3631
3633
3634
3635
3637
3638
3639
3640
3642
3643
3645
3646
3648
3649
3652
3653
3656
3657
3660
3661
3667
3670
3671
3674
3678
3681
3684
3685
3686
3690
3694
3695
3697
3700
3701
3703
3706
3707
3708
3709
3711
3712
3713
3716
3719
3724
3725
3732
3733
3734
3735
3736
3738
3740
3742
3744
3754
3756
3757
3758
3761
3762
3764
3772
3774
3777
3779
3780
3782
3783
3784
3785
3786
3789
3792
3796
3799
3802
3804
3809
3810
3811
3812
3813
3814
3815
3817
3818
3819
3822
3828
3830
3831
3833
3836
3837
3839
3840
3844
3846
3848
3850
3851
3852
3853
3855
3856
3857
3858
3859
3860
3861
3863
3866
3869
3871
3873
3876
3878
3880
3882
3883
3884
3886
3888
3889
3890
3891
3893
3894
3895
3896
3897
3898
3899
3901
3903
3905
3908
3909
3911
3913
3914
3915
3919
3922
3924
3926
3928
3931
3934
3938
3939
3940
3942
3944
3946
3947
3948
3951
3952
3953
3955
3959
3964
3965
3968
3970
3973
3974
3975
3979
3983
3984
3987
3989
3990
3992
3994
3995
3996
3997
4000
4002
4003
4005
4008
4015
4017
4018
4021
4022
4026
4028
4033
4035
4037
4038
4039
4040
4043
4045
4046
4048
4052
4056
4057
4058
4059
4060
4061
4064
4065
4069
4070
4072
4077
4078
4079
4080
4081
4082
4084
4086
4089
4091
4094
4096
4098
4100
4102
4103
4104
4108
4110
4112
4113
4119
4121
4122
4123
4124
4126
4127
4129
4130
4134
4135
4136
4137
4139
4143
4144
4145
4147
4151
4152
4155
4156
4157
4159
4160
4161
4163
4166
4170
4171
4174
4175
4177
4183
4185
4188
4189
4190
4192
4195
4198
4200
4202
4204
4205
4208
4209
4210
4212
4214
4216
4219
4221
4222
4223
4224
4225
4226
4227
4229
4235
4237
4239
4240
4241
4242
4245
4247
4248
4249
4250
4254
4257
4259
4260
4261
4266
4267
4271
4274
4275
4276
4277
4278
4279
4281
4283
4284
4285
4289
4290
4291
4292
4293
4294
4295
4298
4299
4300
4301
4302
4305
4307
4309
4311
4313
4314
4316
4317
4320
4321
4323
4324
4328
4330
4332
4333
4334
4337
4338
4344
4347
4350
4353
4354
4355
4356
4357
4363
4364
4366
4369
4370
4371
4372
4373
4376
4378
4379
4381
4382
4385
4389
4390
4392
4395
4396
4399
4401
4402
4406
4407
4410
4411
4415
4418
4420
4421
4422
4426
4429
4430
4432
4434
4435
4436
4437
4444
4446
4448
4451
4452
4456
4458
4460
4463
4464
4465
4466
4467
4468
4471
4472
4473
4474
4475
4478
4479
4480
4482
4485
4486
4489
4491
4492
4493
4494
4495
4496
4497
4498
4501
4502
4503
4504
4505
4506
4508
4509
4510
4511
4512
4513
4515
4518
4519
4526
4528
4530
4531
4536
4538
4542
4545
4547
4548
4555
4557
4565
4566
4568
4569
4570
4572
4573
4577
4578
4579
4580
4581
4585
4589
4591
4592
4593
4594
4595
4598
4599
4602
4603
4607
4608
4609
4610
4612
4613
4614
4615
4620
4621
4623
4625
4627
4631
4634
4636
4638
4641
4642
4645
4646
4649
4651
4654
4656
4657
4658
4659
4663
4670
4671
4673
4676
4679
4681
4684
4691
4692
4693
4694
4695
4698
4699
4700
4702
4705
4706
4707
4709
4710
4713
4714
4715
4718
4720
4724
4726
4729
4730
4733
4735
4736
4737
4739
4741
4744
4745
4747
4748
4749
4753
4754
4755
4758
4762
4764
4767
4772
4773
4774
4775
4776
4777
4779
4780
4781
4783
4785
4790
4791
4792
4794
4795
4801
4802
4803
4804
4805
4806
4807
4809
4810
4811
4812
4813
4814
4815
4816
4818
4819
4820
4825
4826
4828
4829
4831
4833
4834
4838
4839
4840
4841
4844
4845
4849
4854
4857
4859
4860
4861
4864
4865
4866
4867
4868
4869
4872
4876
4879
4882
4883
4884
4887
4888
4893
4895
4896
4899
4903
4905
4909
4910
4911
4913
4914
4915
4918
4921
4923
4924
4926
4927
4928
4935
4938
4942
4943
4946
4948
4949
4952
4956
4958
4962
4963
4965
4966
4970
4971
4972
4975
4976
4977
4978
4980
4981
4982
4983
4988
4989
4990
4992
4994
4995
4997
4998
5000
-1
